# 참여/전환 축 상관분석 리포트

> 분석일: 2026-03-25
> 데이터: `daily_ad_insights` 최근 90일, 노출 1,000+ 소재 **358개**
> 임베딩 샘플: `creative_media` 최근 500개

---

## 1. 피어슨 상관계수 매트릭스

| 지표 | 좋아요 | 댓글 | 공유 | 저장 | CTR | 클릭→구매율 | 노출→구매율 |
|------|------:|------:|------:|------:|------:|------:|------:|
| **좋아요** | 1.000 | 0.509 | 0.277 | 0.680 | 0.518 | -0.172 | -0.063 |
| **댓글** | 0.509 | 1.000 | 0.132 | 0.370 | 0.199 | -0.128 | -0.104 |
| **공유** | 0.277 | 0.132 | 1.000 | 0.443 | 0.466 | -0.121 | 0.005 |
| **저장** | 0.680 | 0.370 | 0.443 | 1.000 | 0.537 | -0.143 | 0.028 |
| **CTR** | 0.518 | 0.199 | 0.466 | 0.537 | 1.000 | -0.332 | -0.079 |
| **클릭→구매율** | -0.172 | -0.128 | -0.121 | -0.143 | -0.332 | 1.000 | 0.819 |
| **노출→구매율** | -0.063 | -0.104 | 0.005 | 0.028 | -0.079 | 0.819 | 1.000 |

### 핵심 상관관계 요약

| 비교 쌍 | 상관계수 | 강도 |
|---------|--------:|------|
| 저장 ↔ CTR | **0.537** | 중간 상관 |
| 저장 ↔ 좋아요 | **0.680** | 중간 상관 |
| 저장 ↔ 댓글 | **0.370** | 약한 상관 |
| 저장 ↔ 공유 | **0.443** | 중간 상관 |
| 저장 ↔ 노출→구매율 | **0.028** | 거의 없음 |
| 좋아요 ↔ 노출→구매율 | **-0.063** | 거의 없음 |
| 댓글 ↔ 노출→구매율 | **-0.104** | 거의 없음 |
| 공유 ↔ 노출→구매율 | **0.005** | 거의 없음 |
| CTR ↔ 노출→구매율 | **-0.079** | 거의 없음 |

---

## 2. 임베딩 클러스터 분석


**그룹 구성**: 총 221개 소재 중 상위/하위 각 45개 (각 20%)

| 지표 | 고성과 그룹 | 저성과 그룹 | 비율 |
|------|----------:|----------:|-----:|
| 노출→구매율 | 0.17911% | 0.00545% | 32.88x |
| 좋아요/10k | 8.6292 | 5.3514 | 1.61x |
| 댓글/10k | 0.3045 | 0.1888 | 1.61x |
| 공유/10k | 3.9256 | 3.0654 | 1.28x |
| 저장/10k | 7.8654 | 2.9577 | 2.66x |
| CTR | 2.5388% | 2.6549% | 0.96x |

**임베딩 유사도 분석**

| 측정 | 값 | 해석 |
|------|---:|------|
| 고성과↔저성과 센트로이드 유사도 | 0.9541 | 매우 높음 — 시각적으로 유사한 소재가 고/저성과 양쪽에 분포 |
| 고성과 그룹 내부 유사도 | 0.6984 | 저성과와 비슷 → 시각 패턴보다 다른 요인이 성과 결정 |
| 저성과 그룹 내부 유사도 | 0.7378 | — |


---

## 3. 참여 유형별 구매 기여도 (사분위 Lift 분석)

> **Lift 해석**: (참여 상위25% 소재의 평균 구매확률) ÷ (참여 하위25% 소재의 평균 구매확률)
> Lift > 1.5x = 의미있는 기여 / < 1.0x = 역효과

| 참여 유형 | 상위25% 구매확률 | 하위25% 구매확률 | Lift | 샘플(상/하) |
|------|------:|------:|------:|------:|
| **좋아요** | 0.13266% | 0.09391% | **1.41x** | 90/90 |
| **댓글** | 0.11958% | 0.11897% | **1.01x** | 358/270 |
| **공유** | 0.10848% | 0.08157% | **1.33x** | 90/90 |
| **저장** | 0.13367% | 0.07565% | **1.77x** | 90/90 |

**가장 높은 Lift**: 저장 (1.77x)
**가장 낮은 Lift**: 댓글 (1.01x)

---

## 결론: 참여를 쪼개야 하는가?

### ✅ YES — 쪼개야 한다 (특히 저장을 별도 축으로)

#### 근거 1: 저장과 CTR은 다른 축에 속함

- 저장 ↔ CTR 상관: **0.537** (중간 상관)
- 저장 ↔ 좋아요 상관: **0.680** (중간 상관)

→ 저장은 CTR보다 좋아요와 더 강하게 움직인다. "저장 많음 = 클릭 많음"이 아니다. 저장과 CTR은 **다른 정보**를 담고 있다.

#### 근거 2: 구매확률 기여도 차이

- 노출→구매율과 가장 강한 상관: **댓글** (r = -0.104)
- 저장 vs 노출→구매율: **0.028**
- 좋아요 vs 노출→구매율: **-0.063**

→ 좋아요가 구매확률과 더 강하게 연결된다. 그러나 저장과의 상관이 독립적이면 두 축 모두 의미 있음.

#### 근거 3: Lift 분석 결과

- **좋아요**: Lift 1.41x — ⚠️ 약한 기여
- **댓글**: Lift 1.01x — ⚠️ 약한 기여
- **공유**: Lift 1.33x — ⚠️ 약한 기여
- **저장**: Lift 1.77x — ✅ 구매에 기여함

최고 Lift인 **저장**을 높이는 소재가 구매확률도 높다.

#### 근거 4: 참여 지표 간 상호 상관

- 좋아요 ↔ 댓글: **0.509**
- 좋아요 ↔ 공유: **0.277**
- 좋아요 ↔ 저장: **0.680**
- 댓글 ↔ 공유: **0.132**
- 댓글 ↔ 저장: **0.370**
- 공유 ↔ 저장: **0.443**

→ 4개 참여 지표가 모두 유사하게 움직인다면, "참여 총량" 하나로 묶어도 정보 손실이 적다.

### 실행 제안

1. **저장(Saves) 별도 축 분리**: CTR과 독립적인 정보를 담고 있으므로 별도 지표로 추적
2. **저장 중점 최적화**: Lift 1.77x → 구매확률과 가장 강한 연결
3. **좋아요/댓글/공유 클러스터 확인**: 상관이 높다면 "참여 총량(engagement_per_10k)" 단일 지표로 압축 가능
4. **권장 참여축 구조**: CTR + saves_per_10k + engagement_per_10k(좋아요+댓글+공유 합산) → 3축 분리
5. **임베딩 시사점**: 센트로이드 유사도 0.9541 → 시각적 유사성만으로는 성과 차이 설명 불가 — 메시지/카피 품질이 성과를 결정함

---
*분석 도구: Node.js + pg (피어슨 상관계수 직접 계산)*
